0.000000000000000000e+00 -0.000000000000000000e+00 -0.000000000000000000e+00 -0.000000000000000000e+00 -0.000000000000000000e+00 -0.000000000000000000e+00 -0.000000000000000000e+00 -0.000000000000000000e+00 -0.000000000000000000e+00 -0.000000000000000000e+00 -0.000000000000000000e+00 1.000000000000000000e+00
-0.000000000000000000e+00 0.000000000000000000e+00 0.000000000000000000e+00 0.000000000000000000e+00 0.000000000000000000e+00 0.000000000000000000e+00 0.000000000000000000e+00 0.000000000000000000e+00 0.000000000000000000e+00 0.000000000000000000e+00 0.000000000000000000e+00 -0.000000000000000000e+00
-0.000000000000000000e+00 0.000000000000000000e+00 2.922924934990567825e-01 4.085890676706060987e-01 4.917841855522331329e-01 5.351378734735856568e-01 5.351378734735857678e-01 4.917841855522331884e-01 4.085890676706060987e-01 2.922924934990566714e-01 0.000000000000000000e+00 -1.000000000000000000e+00
-0.000000000000000000e+00 0.000000000000000000e+00 4.085890676706060987e-01 5.711574191366425302e-01 6.874539933081919019e-01 7.480571333882330975e-01 7.480571333882330975e-01 6.874539933081919019e-01 5.711574191366425302e-01 4.085890676706059876e-01 0.000000000000000000e+00 -1.000000000000000000e+00
-0.000000000000000000e+00 0.000000000000000000e+00 4.917841855522331329e-01 6.874539933081919019e-01 8.274303669726424948e-01 9.003732532228392316e-01 9.003732532228393426e-01 8.274303669726426058e-01 6.874539933081919019e-01 4.917841855522330219e-01 0.000000000000000000e+00 -1.000000000000000000e+00
-0.000000000000000000e+00 0.000000000000000000e+00 5.351378734735856568e-01 7.480571333882330975e-01 9.003732532228392316e-01 9.797464868072486288e-01 9.797464868072487398e-01 9.003732532228393426e-01 7.480571333882330975e-01 5.351378734735855458e-01 0.000000000000000000e+00 -1.000000000000000000e+00
-0.000000000000000000e+00 0.000000000000000000e+00 5.351378734735857678e-01 7.480571333882330975e-01 9.003732532228393426e-01 9.797464868072487398e-01 9.797464868072488509e-01 9.003732532228394536e-01 7.480571333882330975e-01 5.351378734735856568e-01 0.000000000000000000e+00 -1.000000000000000000e+00
-0.000000000000000000e+00 0.000000000000000000e+00 4.917841855522331884e-01 6.874539933081919019e-01 8.274303669726426058e-01 9.003732532228393426e-01 9.003732532228394536e-01 8.274303669726426058e-01 6.874539933081919019e-01 4.917841855522330774e-01 0.000000000000000000e+00 -1.000000000000000000e+00
-0.000000000000000000e+00 0.000000000000000000e+00 4.085890676706060987e-01 5.711574191366425302e-01 6.874539933081919019e-01 7.480571333882330975e-01 7.480571333882330975e-01 6.874539933081919019e-01 5.711574191366425302e-01 4.085890676706059876e-01 0.000000000000000000e+00 -1.000000000000000000e+00
-0.000000000000000000e+00 0.000000000000000000e+00 2.922924934990566714e-01 4.085890676706059876e-01 4.917841855522330219e-01 5.351378734735855458e-01 5.351378734735856568e-01 4.917841855522330774e-01 4.085890676706059876e-01 2.922924934990566159e-01 0.000000000000000000e+00 -1.000000000000000000e+00
-0.000000000000000000e+00 0.000000000000000000e+00 0.000000000000000000e+00 0.000000000000000000e+00 0.000000000000000000e+00 0.000000000000000000e+00 0.000000000000000000e+00 0.000000000000000000e+00 0.000000000000000000e+00 0.000000000000000000e+00 0.000000000000000000e+00 -0.000000000000000000e+00
1.000000000000000000e+00 -0.000000000000000000e+00 -1.000000000000000000e+00 -1.000000000000000000e+00 -1.000000000000000000e+00 -1.000000000000000000e+00 -1.000000000000000000e+00 -1.000000000000000000e+00 -1.000000000000000000e+00 -1.000000000000000000e+00 -0.000000000000000000e+00 1.000000000000000000e+00
